  1.683e5   1.221e5   1.221e5     0.0     0.0     0.0
  1.221e5   1.683e5   1.221e5     0.0     0.0     0.0
  1.221e5   1.221e5   1.683e5     0.0     0.0     0.0
    0.0     0.0     0.0     0.757e5   0.0e5     0.0e5
    0.0     0.0     0.0     0.0e5     0.757e5   0.0e5
    0.0     0.0     0.0     0.0e5     0.0e5     0.757e5
3.61  0      0
0     3.61   0
0     0      3.61
# Voce System: FCC{111}<1-10>
12
 1  1  1        0  0.5 -0.5    
 1  1  1        0.5  0 -0.5    
 1  1  1        0.5 -0.5  0    
-1  1  1        0  0.5 -0.5    
-1  1  1        0.5  0  0.5    
-1  1  1        0.5  0.5  0    
 1 -1  1        0  0.5  0.5    
 1 -1  1        0.5  0 -0.5    
 1 -1  1        0.5  0.5  0   
 1  1 -1        0  0.5  0.5    
 1  1 -1        0.5  0  0.5    
 1  1 -1        0.5 -0.5  0    
100 100 50 30 0.001 0.05
1  1  1  1. 1. 1
